Objective Function Value: 4.87526215


BusID   VR      VI      Pg      Qg      l       Pl     Ql       Qshunt

1       1.0000  0.0000  0.0000  0.0000  1.0000  0.0000 0.0000   0.0000
2       0.9949  -0.0027 0.0000  -0.0199 1.0000  0.2170 0.1270   0.0000
3       0.9933  -0.0097 0.7884  0.1934  1.0000  0.9420 0.1900   0.0000
4       0.9914  0.0148  0.0000  0.0000  1.0000  0.4780 -0.0390  0.0000
5       0.9951  0.0170  0.0000  0.0000  1.0000  0.0760 0.0160   0.0000
6       0.9779  0.0915  0.8133  0.2141  1.0000  0.1120 0.0750   0.0000
7       0.9551  0.1212  0.0000  0.0000  1.0000  0.0000 0.0000   0.0000
8       0.9410  0.3038  0.9999  0.2399  1.0000  0.0000 0.0000   0.0000
9       0.9444  0.0644  0.0000  0.0000  1.0000  0.2950 0.1660   0.0000
10      0.9423  0.0629  0.0000  0.0000  1.0000  0.0900 0.0580   0.0000
11      0.9561  0.0742  0.0000  0.0000  1.0000  0.0350 0.0180   0.0000
12      0.9619  0.0718  0.0000  0.0000  1.0000  0.0610 0.0160   0.0000
13      0.9550  0.0693  0.0000  0.0000  1.0000  0.1350 0.0580   0.0000
14      0.9302  0.0452  0.0000  0.0000  1.0000  0.1490 0.0500   0.0000


TOTAL                   2.6016  0.6275          2.5900 0.7350



Busi    Busk    Pik     Pki     Qik     Qki
1       2       0.0669  -0.0667 0.0112  -0.1157
1       5       -0.0669 0.0672  -0.0112 -0.0855
2       3       0.0348  -0.0348 -0.0435 -0.0429
2       4       -0.0831 0.0836  0.0140  -0.0794
2       5       -0.1020 0.1027  -0.0017 -0.0648
3       4       -0.1188 0.1200  0.0463  -0.0685
4       5       -0.0709 0.0710  -0.0664 0.0668
4       7       -0.5183 0.5183  0.1682  -0.1064
4       9       -0.0925 0.0925  0.0851  -0.0765
5       6       -0.3169 0.3169  0.0674  -0.0425
6       11      0.1060  -0.1044 0.0646  -0.0615
6       12      0.0832  -0.0822 0.0285  -0.0265
6       13      0.1953  -0.1922 0.0885  -0.0823
7       8       -0.9999 0.9999  -0.0494 0.2399
7       9       0.4816  -0.4816 0.1558  -0.1254
9       10      0.0212  -0.0212 0.0160  -0.0159
9       14      0.0730  -0.0721 0.0199  -0.0182
10      11      -0.0688 0.0694  -0.0421 0.0435
12      13      0.0212  -0.0210 0.0105  -0.0104
13      14      0.0782  -0.0769 0.0346  -0.0318


Total Ploss: 0.0116
Total Qloss: -0.1075
Total Load Supplied: 100.0000%