Objective Function Value: 9.19504654


BusID	VR	VI	Pg	Qg	l	Pl	Ql	Qshunt

1	1.0000	0.0000	1.7038	0.7392	1.0000	0.0000	0.0000	0.0000
2	0.9970	-0.0023	0.0000	0.0000	1.0000	1.0000	0.4000	0.0000
3	1.0011	0.0072	3.0000	0.9458	1.0000	1.5000	0.5000	0.0000
4	0.9940	-0.0098	0.0000	0.0000	1.0000	1.0000	0.4000	0.0000
5	0.9958	-0.0078	0.0000	0.0000	1.0000	1.2000	0.5000	0.0000


TOTAL			4.7038	1.6850		4.7000	1.8000



Busi	Busk	Pik	Pki	Qik	Qki
1	2	0.0916	-0.0915	0.0888	-0.1025
1	4	0.3387	-0.3383	0.1555	-0.1643
1	5	1.2736	-1.2724	0.4949	-0.5450
2	3	-0.9085	0.9095	-0.2975	0.2704
3	4	0.5905	-0.5894	0.1755	-0.1775
4	5	-0.0723	0.0724	-0.0582	0.0450


Total Ploss: 0.0038
Total Qloss: -0.1150
Total Load Supplied: 100.0000%