Objective Function Value: 4.09813222


BusID   VR      VI      Pg      Qg      l       Pl      Ql      Qshunt

1       1.0000  0.0000  0.8718  -0.6317 1.0000  0.0000  0.0000  0.0000
2       1.0578  0.0645  1.1499  -0.3055 1.0000  0.0000  0.0000  0.0000
3       1.0460  0.0795  1.1651  -0.5408 1.0000  0.0000  0.0000  0.0000
4       1.0364  -0.0502 0.0000  0.0000  1.0000  0.0000  0.0000  0.0000
5       1.0526  -0.0806 0.0000  0.0000  1.0000  0.9000  0.3000  0.0000
6       1.0811  0.0169  0.0000  0.0000  1.0000  0.0000  0.0000  0.0000
7       1.0772  -0.0334 0.0000  0.0000  1.0000  1.0000  0.3500  0.0000
8       1.0799  -0.0021 0.0000  0.0000  1.0000  0.0000  0.0000  0.0000
9       1.0355  -0.0989 0.0000  0.0000  1.0000  1.2500  0.5000  0.0000


TOTAL                   3.1868  -1.4781         3.1500  1.1500



Busi    Busk    Pik     Pki     Qik     Qki
1       4       0.8718  -0.8718 -0.6317 0.6985
4       5       0.2874  -0.2851 -0.4219 0.0882
5       6       -0.6149 0.6282  -0.3882 -0.3715
3       6       1.1651  -1.1651 -0.5408 0.6287
6       7       0.5369  -0.5340 -0.2572 -0.2050
7       8       -0.4660 0.4676  -0.1450 -0.1883
8       2       -1.1499 1.1499  0.3843  -0.3055
8       9       0.6823  -0.6688 -0.1959 -0.4242
9       4       -0.5812 0.5845  -0.0758 -0.2766


Total Ploss: 0.0368
Total Qloss: -2.6281
Total Load Supplied: 100.0000%